# Fake data based on example from Jaynes
data <-
structure(list(y1 = c(41.2629681255733, 35.8062934523182, 36.0082951517174, 
43.5871424670576, 37.4963687768278, 52.6960846835262, 42.4269432681579, 
32.5207700017565, 56.195134073065), y2 = c(54.9665005277045, 
47.0709680074004, 57.1249935360663, 40.8375379288288), N1 = 9L, 
    N2 = 4L), .Names = c("y1", "y2", "N1", "N2"))
