list(x=c(0.3, 0.1, -5.5, 3.2, 12.4), N=5)

