data <-
structure(list(y1 = c(51.9350618002372, 33.8513643493234, 44.4428111927007, 
32.1819723482694, 47.2409303154671, 44.3369852322026, 43.1152867969492, 
45.7714128073835, 63.758137257826, 61.8365013312565, 51.8546842723218, 
51.3668447793007, 34.5922844813805, 50.6139314171522, 57.6261674580145, 
39.2758126042897, 38.7079704903683, 55.5021362515185, 42.5772667057415, 
50.8082904491808), y2 = c(57.8672582838319, 56.2071297546901, 
46.9042857061692, 32.7477131103132, 43.4115259613977, 45.8825179142612, 
66.0871558037488, 47.2531525328031, 38.5751315259202, 41.8615129483123, 
51.1134633868848, 40.1642396860105, 45.384096164131, 33.8322580550394, 
29.1384076707529, 30.8361849581938, 41.5216008461951, 33.5077586588077, 
36.7107080857214, 38.0018949925664), y3 = c(27.788955660378, 
36.291863737884, 37.4563603678294, 46.0510142054895, 35.6428846260899, 
40.4417437277531, 33.4122964800802, 56.8239832681218, 45.8596129942243, 
49.3898686928786, 49.8715610497318, 46.2556277973008, 45.3456344562674, 
35.364851579205, 54.7828716726473, 45.1302971231377, 47.1022173628655, 
44.367293727666, 25.59370044915, 60.7549005768524), N1 = 20, 
    N2 = 20, N3 = 20), .Names = c("y1", "y2", "y3", "N1", "N2", 
"N3"))
