list(N = 30, x = c(18L, 20L, 22L, 23L, 23L, 25L, 27L, 
28L, 29L, 32L, 37L, 41L, 46L, 49L, 53L, 55L, 63L, 65L, 66L, 67L, 
68L, 70L, 71L, 72L, 73L, 74L, 75L, 77L, 79L, 82L), y = c(510L, 
590L, 560L, 510L, 460L, 490L, 560L, 510L, 460L, 410L, 420L, 460L, 
450L, 380L, 460L, 420L, 350L, 420L, 300L, 410L, 300L, 390L, 320L, 
370L, 280L, 420L, 460L, 360L, 310L, 360L))

