data <-
list(age = c(127L, 115L, 127L, 150L, 156L, 182L, 156L, 132L, 
137L, 113L, 137L, 117L, 137L, 153L, 117L, 126L, 170L, 182L, 162L, 
184L, 143L, 159L, 108L, 175L, 108L, 179L, 111L, 187L, 111L, 115L, 
194L, 168L), num_bidders = c(13L, 12L, 7L, 9L, 6L, 11L, 12L, 
10L, 9L, 9L, 15L, 11L, 8L, 6L, 13L, 10L, 14L, 8L, 11L, 10L, 6L, 
9L, 14L, 8L, 6L, 9L, 15L, 8L, 7L, 7L, 5L, 7L), N = 32, price = c(1235L, 
1080L, 845L, 1522L, 1047L, 1979L, 1822L, 1253L, 1297L, 946L, 
1713L, 1024L, 1147L, 1092L, 1152L, 1336L, 2131L, 1550L, 1884L, 
2041L, 854L, 1483L, 1055L, 1545L, 729L, 1792L, 1175L, 1593L, 
785L, 744L, 1356L, 1262L))
